image: library.pgm
resolution: 0.050000
origin: [0.137342, -39.820610, 0.000000]
negate: 0
occupied_thresh: 0.65
free_thresh: 0.196

